0  0   113 01110001 IMM R1 
1  0   12  00001100 0b1100 
2  0   114 01110010 IMM R2 
3  0   1   00000001 0b001 
4  0   115 01110011 IMM R3 
5  0   4   00000100 0b100 
6  0   116 01110100 IMM R4 
7  0   2   00000010 0b010 
8  0   9   00001001 AST R1 ; open start:
9  0   160 10100000 OUT 0 
10 0   10  00001010 AST R2 
11 0   160 10100000 OUT 0 
12 0   12  00001100 AST R4 
13 0   160 10100000 OUT 0 
14 0   11  00001011 AST R3 
15 0   160 10100000 OUT 0 
16 0   12  00001100 AST R4 
17 0   160 10100000 OUT 0 
18 0   11  00001011 AST R3 
19 0   160 10100000 OUT 0 
20 0   152 10011000 IN 0 
21 0   9   00001001 AST R1 ; close 
22 0   160 10100000 OUT 0 
23 0   10  00001010 AST R2 
24 0   160 10100000 OUT 0 
25 0   11  00001011 AST R3 
26 0   160 10100000 OUT 0 
27 0   152 10011000 IN 0 
28 0   168 10101000 BRC TRUE 
29 0   8   00001000 start 
